36.8148 4.24074 0 0 4.24074 -4.96296 0 0 0 0 0 0 0 0 0 0
4.24074 66.963 4.24074 0 -4.96296 5.14815 -4.96296 0 0 0 0 0 0 0 0 0
0 4.24074 66.963 4.24074 0 -4.96296 5.14815 -4.96296 0 0 0 0 0 0 0 0
0 0 4.24074 36.8148 0 0 -4.96296 4.24074 0 0 0 0 0 0 0 0
4.24074 -4.96296 0 0 66.963 5.14815 0 0 4.24074 -4.96296 0 0 0 0 0 0
-4.96296 5.14815 -4.96296 0 5.14815 120.593 5.14815 0 -4.96296 5.14815 -4.96296 0 0 0 0 0
0 -4.96296 5.14815 -4.96296 0 5.14815 120.593 5.14815 0 -4.96296 5.14815 -4.96296 0 0 0 0
0 0 -4.96296 4.24074 0 0 5.14815 66.963 0 0 -4.96296 4.24074 0 0 0 0
0 0 0 0 4.24074 -4.96296 0 0 66.963 5.14815 0 0 4.24074 -4.96296 0 0
0 0 0 0 -4.96296 5.14815 -4.96296 0 5.14815 120.593 5.14815 0 -4.96296 5.14815 -4.96296 0
0 0 0 0 0 -4.96296 5.14815 -4.96296 0 5.14815 120.593 5.14815 0 -4.96296 5.14815 -4.96296
0 0 0 0 0 0 -4.96296 4.24074 0 0 5.14815 66.963 0 0 -4.96296 4.24074
0 0 0 0 0 0 0 0 4.24074 -4.96296 0 0 36.8148 4.24074 0 0
0 0 0 0 0 0 0 0 -4.96296 5.14815 -4.96296 0 4.24074 66.963 4.24074 0
0 0 0 0 0 0 0 0 0 -4.96296 5.14815 -4.96296 0 4.24074 66.963 4.24074
0 0 0 0 0 0 0 0 0 0 -4.96296 4.24074 0 0 4.24074 36.8148